TIME: 5.1088017091
TIME: 5.1088049194
TIME: 5.1087970276
FOREVER: child signaled: Interrupted system call

Run count: 3
