
TIME: 5.176305432

TIME: 5.141260660

TIME: 5.183468618

TIME: 5.159493212
FOREVER: child signaled: Interrupted system call

Run count: 4
