
TIME: 4.361710380

TIME: 4.1631598401

TIME: 4.375466595

TIME: 4.376676135
FOREVER: child signaled: Interrupted system call

Run count: 4
