
TIME: 5.1353758244

TIME: 5.656050877

TIME: 5.1339148343
FOREVER: child signaled: Interrupted system call

Run count: 3
