TIME: 5.1322799370
TIME: 5.689122651
TIME: 5.1310670648
FOREVER: child signaled: Interrupted system call

Run count: 3
