TIME: 5.1347397818
TIME: 5.656045736
TIME: 5.1339153685
FOREVER: child signaled: Interrupted system call

Run count: 3
