
TIME: 6.1056868772

TIME: 6.1056409486

TIME: 6.942479813
FOREVER: child signaled: Interrupted system call

Run count: 3
