
TIME: 7.325903684

TIME: 7.1480220114

TIME: 7.516678835
FOREVER: child signaled: Interrupted system call

Run count: 3
