
TIME: 5.887868739

TIME: 5.1061532685

TIME: 5.1072244905
FOREVER: child signaled: Interrupted system call

Run count: 3
