TIME: 5.674783578
TIME: 5.1296567999
TIME: 5.1306490051
FOREVER: child signaled: Interrupted system call

Run count: 3
