
TIME: 4.1276747756

TIME: 4.733635051

TIME: 4.1272104482

TIME: 4.1266202533
FOREVER: child signaled: Interrupted system call

Run count: 4
