TIME: 4.723062145
TIME: 4.1275694821
TIME: 4.1278233894
TIME: 4.1279736775
FOREVER: child signaled: Interrupted system call

Run count: 4
