
TIME: 5.073615352

TIME: 5.058700461

TIME: 5.066291789
FOREVER: child signaled: Interrupted system call

Run count: 3
