
TIME: 5.073190029

TIME: 5.037232146

TIME: 5.040955348
FOREVER: child signaled: Interrupted system call

Run count: 3
