TIME: 4.494813779
TIME: 4.1362899864
TIME: 4.1428726311
TIME: 4.603294248
FOREVER: child signaled: Interrupted system call

Run count: 4
