TIME: 4.650755350
TIME: 4.1119751129
TIME: 4.1105158841
TIME: 4.1077346123
FOREVER: child signaled: Interrupted system call

Run count: 4
