TIME: 4.503743301
TIME: 4.1375073870
TIME: 4.558293172
TIME: 4.1404805311
FOREVER: child signaled: Interrupted system call

Run count: 4
