
TIME: 4.496814429

TIME: 4.1382608873

TIME: 4.553952278

TIME: 4.1412453485
FOREVER: child signaled: Interrupted system call

Run count: 4
