TIME: 4.672335677
TIME: 4.1326646791
TIME: 4.1319157873
TIME: 4.678610874
FOREVER: child signaled: Interrupted system call

Run count: 4
