
TIME: 5.1248528659

TIME: 5.1314656576

TIME: 5.687515921
FOREVER: child signaled: Interrupted system call

Run count: 3
