TIME: 5.1087778387
TIME: 5.912043005
TIME: 5.1087343024
FOREVER: child signaled: Interrupted system call

Run count: 3
