
TIME: 4.1496695863

TIME: 4.633204147

TIME: 4.1415460346

TIME: 4.596400560
FOREVER: child signaled: Interrupted system call

Run count: 4
