
TIME: 4.1504648327

TIME: 4.630952632

TIME: 4.1422274717

TIME: 4.590790238
FOREVER: child signaled: Interrupted system call

Run count: 4
