
TIME: 4.361756865

TIME: 4.365510460

TIME: 4.1626469249

TIME: 4.376558764
FOREVER: child signaled: Interrupted system call

Run count: 4
