
TIME: 4.430535696

TIME: 4.1569558133

TIME: 4.436539327

TIME: 4.434508033
FOREVER: child signaled: Interrupted system call

Run count: 4
