
TIME: 4.607947383

TIME: 4.1395435365

TIME: 4.611241022

TIME: 4.1382149477
FOREVER: child signaled: Interrupted system call

Run count: 4
