
TIME: 5.1718478545

TIME: 5.330022181

TIME: 5.1577626622
FOREVER: child signaled: Interrupted system call

Run count: 3
