
TIME: 6.1013470615

TIME: 7.021844823

TIME: 7.009615091
FOREVER: child signaled: Interrupted system call

Run count: 3
