TIME: 6.1065900014
TIME: 6.944205115
TIME: 6.1065602504
FOREVER: child signaled: Interrupted system call

Run count: 3
