TIME: 6.1071056770
TIME: 6.946750430
TIME: 6.1075909134
FOREVER: child signaled: Interrupted system call

Run count: 3
