TIME: 7.352466808
TIME: 7.1457607376
TIME: 7.543981273
FOREVER: child signaled: Interrupted system call

Run count: 3
