TIME: 5.1087526982
TIME: 5.1089901649
TIME: 5.1090170876
FOREVER: child signaled: Interrupted system call

Run count: 3
