TIME: 5.1113302038
TIME: 5.1115923100
TIME: 5.1115858523
FOREVER: child signaled: Interrupted system call

Run count: 3
