
TIME: 5.1088189888

TIME: 5.1088676677

TIME: 5.1088337533
FOREVER: child signaled: Interrupted system call

Run count: 3
