TIME: 4.1015371119
TIME: 4.1010450579
TIME: 4.1002917846
TIME: 4.1002637898
FOREVER: child signaled: Interrupted system call

Run count: 4
