
TIME: 4.840303949

TIME: 5.020733367

TIME: 4.1142064099

TIME: 4.1113185403
FOREVER: child signaled: Interrupted system call

Run count: 4
