
TIME: 5.1315611942

TIME: 5.1316450966

TIME: 5.1317463337
FOREVER: child signaled: Interrupted system call

Run count: 3
