TIME: 4.1248250478
TIME: 4.1233091114
TIME: 4.1236270811
TIME: 4.814962357
FOREVER: child signaled: Interrupted system call

Run count: 4
