
TIME: 4.1273908992

TIME: 4.1260468249

TIME: 4.1263905843

TIME: 4.739731610
FOREVER: child signaled: Interrupted system call

Run count: 4
