TIME: 5.1725879545
TIME: 5.450662855
TIME: 5.364593595
TIME: 5.1574281828
FOREVER: child signaled: Interrupted system call

Run count: 4
