TIME: 5.1507472732
TIME: 5.1173462528
TIME: 5.786445146
FOREVER: child signaled: Interrupted system call

Run count: 3
