
TIME: 5.1731323459

TIME: 5.453901679

TIME: 5.328838493

TIME: 5.1571429712
FOREVER: child signaled: Interrupted system call

Run count: 4
