
TIME: 4.695416233

TIME: 4.1310001629

TIME: 4.1308608559

TIME: 4.1306134692
FOREVER: child signaled: Interrupted system call

Run count: 4
