
TIME: 5.289942016

TIME: 5.1616970543

TIME: 5.469498627
FOREVER: child signaled: Interrupted system call

Run count: 3
