
TIME: 4.1259827515

TIME: 4.1245858999

TIME: 4.761752171

TIME: 4.1226119578
FOREVER: child signaled: Interrupted system call

Run count: 4
