
TIME: 4.1265457318

TIME: 4.1252162499

TIME: 4.754565983

TIME: 4.1231866301
FOREVER: child signaled: Interrupted system call

Run count: 4
