
TIME: 5.643863479

TIME: 5.1344413009

TIME: 5.1342887887
FOREVER: child signaled: Interrupted system call

Run count: 3
