
TIME: 6.1085977160

TIME: 6.1052949060

TIME: 6.1058139488
FOREVER: child signaled: Interrupted system call

Run count: 3
