TIME: 4.1211312608
TIME: 4.795719565
TIME: 4.1187949834
TIME: 4.1179528032
FOREVER: child signaled: Interrupted system call

Run count: 4
