TIME: 4.747564433
TIME: 4.1255121835
TIME: 4.1246867331
TIME: 4.1237190144
FOREVER: child signaled: Interrupted system call

Run count: 4
