
TIME: 4.786058650

TIME: 4.1220613287

TIME: 4.1212940380

TIME: 4.1204241861
FOREVER: child signaled: Interrupted system call

Run count: 4
