
TIME: 4.756531950

TIME: 4.1244763680

TIME: 4.1231251210

TIME: 4.1228410216
FOREVER: child signaled: Interrupted system call

Run count: 4
