TIME: 5.1349116330
TIME: 5.652056648
TIME: 5.1346341753
FOREVER: child signaled: Interrupted system call

Run count: 3
