TIME: 5.1332437983
TIME: 5.676909681
TIME: 5.1321358496
FOREVER: child signaled: Interrupted system call

Run count: 3
