
TIME: 4.1010203824

TIME: 4.1007748558

TIME: 4.1004622116

TIME: 4.1004188862
FOREVER: child signaled: Interrupted system call

Run count: 4
