
TIME: 5.060811112

TIME: 5.055427264

TIME: 5.062851226
FOREVER: child signaled: Interrupted system call

Run count: 3
