
TIME: 5.050787571

TIME: 5.055311822

TIME: 5.062354236
FOREVER: child signaled: Interrupted system call

Run count: 3
