TIME: 5.039992912
TIME: 5.041902292
TIME: 5.060631704
FOREVER: child signaled: Interrupted system call

Run count: 3
