
TIME: 5.647407424

TIME: 5.1353112428

TIME: 5.1351368734
FOREVER: child signaled: Interrupted system call

Run count: 3
