FOREVER:_0,FOREVER:_1,FOREVER:_2,FOREVER:_3,FOREVER:_4,time,Run_0,Run_1
child,signaled:,Interrupted,system,call,8.1022850719,,
,,,,,,count:,2
