
TIME: 4.234881758

TIME: 4.033629599

TIME: 4.1971133297

TIME: 4.028386585
FOREVER: child signaled: Interrupted system call

Run count: 4
