
TIME: 4.1245897053

TIME: 4.1239611325

TIME: 4.1204562773

TIME: 4.795685021
FOREVER: child signaled: Interrupted system call

Run count: 4
