
TIME: 4.1269142346

TIME: 4.1266210063

TIME: 4.741706238

TIME: 4.1258513844
FOREVER: child signaled: Interrupted system call

Run count: 4
