
TIME: 4.1466892905

TIME: 4.546261260

TIME: 4.1436385586

TIME: 4.582938914
FOREVER: child signaled: Interrupted system call

Run count: 4
