TIME: 5.1319618382
TIME: 5.689136343
TIME: 5.1307648216
FOREVER: child signaled: Interrupted system call

Run count: 3
