TIME: 5.1356557463
TIME: 5.658862718
TIME: 5.1344274836
FOREVER: child signaled: Interrupted system call

Run count: 3
