
TIME: 4.1391842686

TIME: 4.599279207

TIME: 4.1386649727

TIME: 4.1379772750
FOREVER: child signaled: Interrupted system call

Run count: 4
