
TIME: 4.1446401257

TIME: 4.546840477

TIME: 4.1423430952

TIME: 4.572764327
FOREVER: child signaled: Interrupted system call

Run count: 4
