
TIME: 4.1192387737

TIME: 4.1013459009

TIME: 4.1180496698

TIME: 4.1161653786
FOREVER: child signaled: Interrupted system call

Run count: 4
