TIME: 5.1314323833
TIME: 5.680542104
TIME: 5.1316712242
FOREVER: child signaled: Interrupted system call

Run count: 3
