
TIME: 4.1499886802

TIME: 4.1373781201

TIME: 4.563290211

TIME: 4.1428554934
FOREVER: child signaled: Interrupted system call

Run count: 4
