
TIME: 4.1348033199

TIME: 4.1124646889

TIME: 4.1121640778

TIME: 4.1099469943
FOREVER: child signaled: Interrupted system call

Run count: 4
