
TIME: 5.668544325

TIME: 5.1329553074

TIME: 5.1322114582
FOREVER: child signaled: Interrupted system call

Run count: 3
