TIME: 4.1735884592
TIME: 4.263683755
TIME: 4.264856262
TIME: 4.266768963
FOREVER: child signaled: Interrupted system call

Run count: 4
