TIME: 4.1009962920
TIME: 5.400619605
TIME: 5.415841575
TIME: 5.1565946815
FOREVER: child signaled: Interrupted system call

Run count: 4
