
TIME: 5.266595194

TIME: 5.237131899

TIME: 5.204298179

TIME: 5.179260297
FOREVER: child signaled: Interrupted system call

Run count: 4
