TIME: 4.1305468086
TIME: 4.692519513
TIME: 4.1307402259
TIME: 4.1309173356
FOREVER: child signaled: Interrupted system call

Run count: 4
