
TIME: 7.004364206

TIME: 7.033153673

TIME: 7.032676416
FOREVER: child signaled: Interrupted system call

Run count: 3
