TIME: 6.1068923056
TIME: 6.1066613785
TIME: 6.929706707
FOREVER: child signaled: Interrupted system call

Run count: 3
