TIME: 5.1089558485
TIME: 5.1090459005
TIME: 5.1090421292
FOREVER: child signaled: Interrupted system call

Run count: 3
