TIME: 5.1321087279
TIME: 5.1316719083
TIME: 5.681543924
FOREVER: child signaled: Interrupted system call

Run count: 3
