TIME: 5.1097718201
TIME: 5.1089267396
TIME: 5.1087646304
FOREVER: child signaled: Interrupted system call

Run count: 3
