
TIME: 5.1114675295

TIME: 5.1113896477

TIME: 5.1114355252
FOREVER: child signaled: Interrupted system call

Run count: 3
