TIME: 6.096845430
TIME: 6.117169901
TIME: 6.1884236460
FOREVER: child signaled: Interrupted system call

Run count: 3
