TIME: 4.1279145346
TIME: 4.727109859
TIME: 4.1264962268
TIME: 4.1264686741
FOREVER: child signaled: Interrupted system call

Run count: 4
