TIME: 4.1403468448
TIME: 4.608642493
TIME: 4.1378154168
TIME: 4.1371383992
FOREVER: child signaled: Interrupted system call

Run count: 4
