TIME: 4.1461207136
TIME: 4.555526726
TIME: 4.1414909320
TIME: 4.1414314411
FOREVER: child signaled: Interrupted system call

Run count: 4
