TIME: 4.1473017377
TIME: 4.552344368
TIME: 4.1418803560
TIME: 4.1412719271
FOREVER: child signaled: Interrupted system call

Run count: 4
