
TIME: 5.218163664

TIME: 5.159278390

TIME: 5.208081107

TIME: 5.154408324
FOREVER: child signaled: Interrupted system call

Run count: 4
