
TIME: 4.225429483

TIME: 4.015896147

TIME: 4.015935691

TIME: 4.017050013
FOREVER: child signaled: Interrupted system call

Run count: 4
