
TIME: 4.1022941416

TIME: 4.1004668501

TIME: 4.1003618855

TIME: 4.1004556699
FOREVER: child signaled: Interrupted system call

Run count: 4
