
TIME: 5.279027296

TIME: 5.1649709414

TIME: 5.445001340
FOREVER: child signaled: Interrupted system call

Run count: 3
