
TIME: 4.1001936838

TIME: 5.141814615

TIME: 5.1922553156

TIME: 5.096620910
FOREVER: child signaled: Interrupted system call

Run count: 4
