
TIME: 5.068466337

TIME: 5.024985033

TIME: 5.020801275
FOREVER: child signaled: Interrupted system call

Run count: 3
