
TIME: 4.753112508

TIME: 4.1259038416

TIME: 4.1264456038

TIME: 4.732964594
FOREVER: child signaled: Interrupted system call

Run count: 4
