
TIME: 4.731461754

TIME: 4.1260813593

TIME: 4.1232086143

TIME: 4.1226264442
FOREVER: child signaled: Interrupted system call

Run count: 4
