
TIME: 4.735109848

TIME: 4.1256765550

TIME: 4.1229240759

TIME: 4.1221653081
FOREVER: child signaled: Interrupted system call

Run count: 4
