TIME: 5.058000561
TIME: 5.1935646954
TIME: 5.096556054
FOREVER: child signaled: Interrupted system call

Run count: 3
