
TIME: 5.036304053

TIME: 5.1961687266

TIME: 5.042508483
FOREVER: child signaled: Interrupted system call

Run count: 3
