TIME: 5.042504183
TIME: 5.043990682
TIME: 5.055518073
FOREVER: child signaled: Interrupted system call

Run count: 3
