
TIME: 5.044120694

TIME: 5.044054158

TIME: 5.054758017
FOREVER: child signaled: Interrupted system call

Run count: 3
