TIME: 5.063244055
TIME: 5.068795519
TIME: 5.070367417
FOREVER: child signaled: Interrupted system call

Run count: 3
