
TIME: 4.791902654

TIME: 4.1208122359

TIME: 4.1206903687

TIME: 4.1212310288
FOREVER: child signaled: Interrupted system call

Run count: 4
