TIME: 5.1324730493
TIME: 5.1265808056
TIME: 5.609195635
TIME: 5.1387493314
FOREVER: child signaled: Interrupted system call

Run count: 4
