TIME: 5.1293919284
TIME: 5.1308173608
TIME: 5.568739083
TIME: 5.1411153098
FOREVER: child signaled: Interrupted system call

Run count: 4
