TIME: 5.1107302818
TIME: 6.1665194634
TIME: 6.404499299
FOREVER: child signaled: Interrupted system call

Run count: 3
