
TIME: 5.1311512762

TIME: 5.1324510271

TIME: 5.546375888

TIME: 5.1445248995
FOREVER: child signaled: Interrupted system call

Run count: 4
