
TIME: 4.238371906

TIME: 4.032418688

TIME: 4.029956492

TIME: 4.031971154
FOREVER: child signaled: Interrupted system call

Run count: 4
