TIME: 5.1087588208
TIME: 5.1086600140
TIME: 5.1088119372
FOREVER: child signaled: Interrupted system call

Run count: 3
