
TIME: 5.1119773744

TIME: 5.1119997767

TIME: 5.1119796486
FOREVER: child signaled: Interrupted system call

Run count: 3
