TIME: 4.374545832
TIME: 4.1624506373
TIME: 4.374810449
TIME: 4.1618608914
FOREVER: child signaled: Interrupted system call

Run count: 4
