TIME: 4.425239588
TIME: 4.1579105897
TIME: 4.421982902
TIME: 4.1575909027
FOREVER: child signaled: Interrupted system call

Run count: 4
