TIME: 4.266819598
TIME: 4.263362393
TIME: 4.1734619625
TIME: 4.263789226
FOREVER: child signaled: Interrupted system call

Run count: 4
