
TIME: 4.1012117085

TIME: 5.1587786186

TIME: 5.417095881

TIME: 5.1546312912
FOREVER: child signaled: Interrupted system call

Run count: 4
