TIME: 4.1183849144
TIME: 4.1019587561
TIME: 4.1196954443
TIME: 4.1156732455
FOREVER: child signaled: Interrupted system call

Run count: 4
