TIME: 4.1160588660
TIME: 5.027001193
TIME: 4.1140764858
TIME: 4.1101895355
FOREVER: child signaled: Interrupted system call

Run count: 4
