TIME: 4.1174630763
TIME: 5.012655420
TIME: 4.1151140366
TIME: 4.1105494945
FOREVER: child signaled: Interrupted system call

Run count: 4
