
TIME: 5.1115492217

TIME: 5.1115418630

TIME: 5.1115731110
FOREVER: child signaled: Interrupted system call

Run count: 3
