TIME: 5.039307323
TIME: 5.041572210
TIME: 5.048516824
FOREVER: child signaled: Interrupted system call

Run count: 3
