
TIME: 5.037586171

TIME: 5.044306083

TIME: 5.046564718
FOREVER: child signaled: Interrupted system call

Run count: 3
