TIME: 5.068087649
TIME: 5.054966258
TIME: 5.055906702
FOREVER: child signaled: Interrupted system call

Run count: 3
