TIME: 6.1087216654
TIME: 6.1067201394
TIME: 6.1062355460
FOREVER: child signaled: Interrupted system call

Run count: 3
