
TIME: 7.325387752

TIME: 7.1489594951

TIME: 7.524747222
FOREVER: child signaled: Interrupted system call

Run count: 3
