TIME: 6.1008047524
TIME: 7.040927290
TIME: 7.034060654
FOREVER: child signaled: Interrupted system call

Run count: 3
