TIME: 4.1635169398
TIME: 4.366257334
TIME: 4.374877815
TIME: 4.1625260558
FOREVER: child signaled: Interrupted system call

Run count: 4
