TIME: 4.1573645901
TIME: 4.431045137
TIME: 4.1563058063
TIME: 4.434489262
FOREVER: child signaled: Interrupted system call

Run count: 4
