TIME: 5.1846202266
TIME: 5.144278152
TIME: 5.177188190
TIME: 5.204285157
FOREVER: child signaled: Interrupted system call

Run count: 4
