
TIME: 5.1845620589

TIME: 5.127455011

TIME: 5.188064987

TIME: 5.175821903
FOREVER: child signaled: Interrupted system call

Run count: 4
