TIME: 5.1833502598
TIME: 5.189577989
TIME: 5.248227239
TIME: 5.265865731
FOREVER: child signaled: Interrupted system call

Run count: 4
