TIME: 5.1675763267
TIME: 5.318874997
TIME: 5.391100663
FOREVER: child signaled: Interrupted system call

Run count: 3
