TIME: 4.1016537376
TIME: 4.1003899254
TIME: 5.005973973
TIME: 5.001515757
FOREVER: child signaled: Interrupted system call

Run count: 4
