
TIME: 5.272637168

TIME: 5.485360312

TIME: 5.1620948050

TIME: 5.410224704
FOREVER: child signaled: Interrupted system call

Run count: 4
