TIME: 5.055377639
TIME: 5.116889395
TIME: 5.035714375
FOREVER: child signaled: Interrupted system call

Run count: 3
