
TIME: 4.1007003123

TIME: 4.1006079491

TIME: 4.1003838618

TIME: 4.1004086292
FOREVER: child signaled: Interrupted system call

Run count: 4
