
TIME: 5.166179451

TIME: 5.170968789

TIME: 5.1843921799

TIME: 5.271790182
FOREVER: child signaled: Interrupted system call

Run count: 4
