TIME: 5.048974249
TIME: 5.041215194
TIME: 5.055014202
FOREVER: child signaled: Interrupted system call

Run count: 3
