TIME: 5.083207190
TIME: 5.065045896
TIME: 5.112552712
FOREVER: child signaled: Interrupted system call

Run count: 3
