TIME: 5.052864809
TIME: 5.046895262
TIME: 5.045231145
FOREVER: child signaled: Interrupted system call

Run count: 3
