TIME: 5.318599280
TIME: 5.1620648420
TIME: 5.337241212
FOREVER: child signaled: Interrupted system call

Run count: 3
