TIME: 5.131216797
TIME: 5.195004791
TIME: 5.159794062
TIME: 5.1803467077
FOREVER: child signaled: Interrupted system call

Run count: 4
