TIME: 5.186020993
TIME: 5.252342489
TIME: 5.1790287851
TIME: 5.292632215
FOREVER: child signaled: Interrupted system call

Run count: 4
