TIME: 4.1007295673
TIME: 5.139029178
TIME: 5.075020942
TIME: 5.134420687
FOREVER: child signaled: Interrupted system call

Run count: 4
