
TIME: 5.181697151

TIME: 5.447844483

TIME: 5.1549507562

TIME: 5.509545529
FOREVER: child signaled: Interrupted system call

Run count: 4
