TIME: 5.000166693
TIME: 5.164284161
TIME: 5.097832711
TIME: 5.154998613
FOREVER: child signaled: Interrupted system call

Run count: 4
