TIME: 5.000338920
TIME: 5.149038438
TIME: 5.084306049
TIME: 5.138481833
FOREVER: child signaled: Interrupted system call

Run count: 4
