
TIME: 5.650813883

TIME: 5.1345858034

TIME: 5.1346372076
FOREVER: child signaled: Interrupted system call

Run count: 3
