TIME: 5.013518687
TIME: 5.1956429780
TIME: 5.057129064
FOREVER: child signaled: Interrupted system call

Run count: 3
