TIME: 4.1016890001
TIME: 4.1000160890
TIME: 4.1005196433
TIME: 5.001564722
FOREVER: child signaled: Interrupted system call

Run count: 4
