TIME: 5.050969249
TIME: 4.1012916395
TIME: 4.1071983026
TIME: 4.1123651029
FOREVER: child signaled: Interrupted system call

Run count: 4
