TIME: 5.140365411
TIME: 5.449015770
TIME: 5.1466721090
TIME: 5.514224656
FOREVER: child signaled: Interrupted system call

Run count: 4
