
TIME: 4.1308152454

TIME: 4.1310036402

TIME: 4.691832154

TIME: 4.1305088968
FOREVER: child signaled: Interrupted system call

Run count: 4
