TIME: 4.1305287147
TIME: 4.1306435692
TIME: 4.690179380
TIME: 4.1309522071
FOREVER: child signaled: Interrupted system call

Run count: 4
