TIME: 5.1116862913
TIME: 5.1117016388
TIME: 5.1117214649
FOREVER: child signaled: Interrupted system call

Run count: 3
