
TIME: 5.1088032693

TIME: 5.1089084618

TIME: 5.1088311690
FOREVER: child signaled: Interrupted system call

Run count: 3
