TIME: 5.076286099
TIME: 5.062203911
TIME: 5.082690848
FOREVER: child signaled: Interrupted system call

Run count: 3
