
TIME: 5.034866040

TIME: 5.038259459

TIME: 5.052454167
FOREVER: child signaled: Interrupted system call

Run count: 3
