
TIME: 4.1180401939

TIME: 4.1018596363

TIME: 4.1194222970

TIME: 4.1154744146
FOREVER: child signaled: Interrupted system call

Run count: 4
