
TIME: 4.1283470048

TIME: 4.1280786310

TIME: 4.722909740

TIME: 4.1276537035
FOREVER: child signaled: Interrupted system call

Run count: 4
