
TIME: 5.644260889

TIME: 5.1341023841

TIME: 5.1344930601
FOREVER: child signaled: Interrupted system call

Run count: 3
