
TIME: 5.648881801

TIME: 5.1337102589

TIME: 5.1344933141
FOREVER: child signaled: Interrupted system call

Run count: 3
