TIME: 4.261958743
TIME: 4.1733983922
TIME: 4.262415189
TIME: 4.265631430
FOREVER: child signaled: Interrupted system call

Run count: 4
