TIME: 4.1009047228
TIME: 5.135072992
TIME: 5.1930427343
TIME: 5.089437813
FOREVER: child signaled: Interrupted system call

Run count: 4
