TIME: 4.1003656990
TIME: 5.159025605
TIME: 5.1905953997
TIME: 5.114456752
FOREVER: child signaled: Interrupted system call

Run count: 4
