
TIME: 4.1216672143

TIME: 4.1214606487

TIME: 4.786862340

TIME: 4.1190900688
FOREVER: child signaled: Interrupted system call

Run count: 4
