TIME: 4.1167109192
TIME: 4.1190275006
TIME: 4.834449735
TIME: 4.1170392910
FOREVER: child signaled: Interrupted system call

Run count: 4
