TIME: 4.1212023509
TIME: 4.1214607417
TIME: 4.786862880
TIME: 4.1190901398
FOREVER: child signaled: Interrupted system call

Run count: 4
