TIME: 4.1397651896
TIME: 4.1231115167
TIME: 4.646076983
TIME: 4.1340478203
FOREVER: child signaled: Interrupted system call

Run count: 4
