TIME: 4.1396605602
TIME: 4.1249420125
TIME: 4.628824589
TIME: 4.1362919706
FOREVER: child signaled: Interrupted system call

Run count: 4
