
TIME: 4.1219159562

TIME: 5.095414629

TIME: 5.077153115

TIME: 5.104967044
FOREVER: child signaled: Interrupted system call

Run count: 4
