
TIME: 4.1397586570

TIME: 4.1246929697

TIME: 4.623312599

TIME: 4.1360516326
FOREVER: child signaled: Interrupted system call

Run count: 4
