TIME: 6.095183024
TIME: 6.117403974
TIME: 6.117521466
FOREVER: child signaled: Interrupted system call

Run count: 3
