TIME: 5.1115373305
TIME: 5.1116834690
TIME: 5.1115139401
FOREVER: child signaled: Interrupted system call

Run count: 3
