TIME: 5.1096189768
TIME: 5.1089165105
TIME: 5.1088199300
FOREVER: child signaled: Interrupted system call

Run count: 3
