
TIME: 5.650994722

TIME: 5.1348300588

TIME: 5.1348952593
FOREVER: child signaled: Interrupted system call

Run count: 3
