TIME: 4.1101287774
TIME: 4.1076250092
TIME: 4.1085680635
TIME: 4.1080082195
FOREVER: child signaled: Interrupted system call

Run count: 4
