TIME: 5.034552998
TIME: 5.1831889157
TIME: 5.123380194
TIME: 5.093416260
FOREVER: child signaled: Interrupted system call

Run count: 4
