
TIME: 4.1089738361

TIME: 4.1048454835

TIME: 4.1050121102

TIME: 4.1041353296
FOREVER: child signaled: Interrupted system call

Run count: 4
