
TIME: 4.1094320248

TIME: 4.1077690386

TIME: 4.1085491386

TIME: 4.1095491156
FOREVER: child signaled: Interrupted system call

Run count: 4
