time
15.1090242782
