
TIME: 5.259582913

TIME: 5.447798559

TIME: 5.1648763670

TIME: 5.363544310
FOREVER: child signaled: Interrupted system call

Run count: 4
