TIME: 5.484950591
TIME: 5.1183547567
TIME: 5.1243006007
FOREVER: child signaled: Interrupted system call

Run count: 3
