TIME: 5.254243339
TIME: 5.454068946
TIME: 5.1645023456
TIME: 5.366698365
FOREVER: child signaled: Interrupted system call

Run count: 4
