
TIME: 5.019220846

TIME: 5.016113016

TIME: 5.015103265
FOREVER: child signaled: Interrupted system call

Run count: 3
