
TIME: 4.1003752099

TIME: 5.000612527

TIME: 4.1006928946

TIME: 5.015238219
FOREVER: child signaled: Interrupted system call

Run count: 4
