
TIME: 4.1305794928

TIME: 4.693980269

TIME: 4.1307162765

TIME: 4.1308351653
FOREVER: child signaled: Interrupted system call

Run count: 4
