TIME: 4.1282354896
TIME: 4.1272795621
TIME: 4.734463855
TIME: 4.1267266039
FOREVER: child signaled: Interrupted system call

Run count: 4
