
TIME: 4.220349145

TIME: 4.012818099

TIME: 4.012195397

TIME: 4.014704748
FOREVER: child signaled: Interrupted system call

Run count: 4
