
TIME: 4.674010194

TIME: 4.1326446011

TIME: 4.1322518349

TIME: 4.677924105
FOREVER: child signaled: Interrupted system call

Run count: 4
