TIME: 4.559987722
TIME: 4.1444148662
TIME: 4.575536905
TIME: 4.1412989019
FOREVER: child signaled: Interrupted system call

Run count: 4
