
TIME: 4.1017621585

TIME: 4.1003226827

TIME: 5.001571243

TIME: 4.1001748729
FOREVER: child signaled: Interrupted system call

Run count: 4
