TIME: 5.009406256
TIME: 5.006295615
TIME: 5.011756461
FOREVER: child signaled: Interrupted system call

Run count: 3
