TIME: 5.1100586707
TIME: 5.1081793890
TIME: 5.911098581
FOREVER: child signaled: Interrupted system call

Run count: 3
