TIME: 6.061684586
TIME: 6.162940234
TIME: 6.112808935
FOREVER: child signaled: Interrupted system call

Run count: 3
