TIME: 5.1116251032
TIME: 5.1116791777
TIME: 5.883529305
FOREVER: child signaled: Interrupted system call

Run count: 3
