
TIME: 4.264223620

TIME: 4.264393206

TIME: 4.264925679

TIME: 4.1733150618
FOREVER: child signaled: Interrupted system call

Run count: 4
