
TIME: 5.647684301

TIME: 5.1350769234

TIME: 5.647706063
FOREVER: child signaled: Interrupted system call

Run count: 3
