
TIME: 5.1116393317

TIME: 5.1107736191

TIME: 5.887581401
FOREVER: child signaled: Interrupted system call

Run count: 3
