TIME: 4.1220602736
TIME: 5.090342573
TIME: 5.148076442
TIME: 5.131069472
FOREVER: child signaled: Interrupted system call

Run count: 4
