
TIME: 4.1218540480

TIME: 5.093549463

TIME: 5.077993509

TIME: 5.105338411
FOREVER: child signaled: Interrupted system call

Run count: 4
