
TIME: 4.1507419204

TIME: 4.1377637527

TIME: 4.559068239

TIME: 4.1431416729
FOREVER: child signaled: Interrupted system call

Run count: 4
