
TIME: 4.1507924334

TIME: 4.1363097024

TIME: 4.572868219

TIME: 4.1419773397
FOREVER: child signaled: Interrupted system call

Run count: 4
