TIME: 5.1090032982
TIME: 5.1090374697
TIME: 5.1090879748
FOREVER: child signaled: Interrupted system call

Run count: 3
