TIME: 4.1310701458
TIME: 4.685239786
TIME: 4.1317904468
TIME: 4.1313848152
FOREVER: child signaled: Interrupted system call

Run count: 4
