TIME: 4.1282152596
TIME: 4.714235214
TIME: 4.1287460907
TIME: 4.1289364896
FOREVER: child signaled: Interrupted system call

Run count: 4
