
TIME: 4.546126926

TIME: 4.1461298566

TIME: 4.559341457

TIME: 4.1430661924
FOREVER: child signaled: Interrupted system call

Run count: 4
