
TIME: 4.1212803257

TIME: 4.1201438401

TIME: 4.804606783

TIME: 4.1183763665
FOREVER: child signaled: Interrupted system call

Run count: 4
