TIME: 5.1308775599
TIME: 5.1350243852
TIME: 5.646948367
FOREVER: child signaled: Interrupted system call

Run count: 3
