TIME: 5.1302139906
TIME: 5.1321389519
TIME: 5.684966266
FOREVER: child signaled: Interrupted system call

Run count: 3
