TIME: 4.428425656
TIME: 4.1570557713
TIME: 4.435079651
TIME: 4.430350429
FOREVER: child signaled: Interrupted system call

Run count: 4
