
TIME: 4.227229783

TIME: 4.015297388

TIME: 4.018726120

TIME: 4.017387226
FOREVER: child signaled: Interrupted system call

Run count: 4
