
TIME: 4.1735287362

TIME: 4.263546662

TIME: 4.266870264

TIME: 4.1738179851
FOREVER: child signaled: Interrupted system call

Run count: 4
