TIME: 4.1390886521
TIME: 4.1248610925
TIME: 4.616186016
TIME: 4.1348290954
FOREVER: child signaled: Interrupted system call

Run count: 4
