TIME: 4.1396730394
TIME: 4.1245624626
TIME: 4.616322980
TIME: 4.1350147290
FOREVER: child signaled: Interrupted system call

Run count: 4
