TIME: 4.1219154881
TIME: 5.094650623
TIME: 5.072234194
TIME: 5.109179564
FOREVER: child signaled: Interrupted system call

Run count: 4
