TIME: 4.1395394071
TIME: 4.1229646659
TIME: 4.640774174
TIME: 4.1331043061
FOREVER: child signaled: Interrupted system call

Run count: 4
