
TIME: 6.1084156488

TIME: 6.1066551369

TIME: 6.1062555970
FOREVER: child signaled: Interrupted system call

Run count: 3
