
TIME: 5.1114448693

TIME: 5.926078958

TIME: 5.1077715282
FOREVER: child signaled: Interrupted system call

Run count: 3
