
TIME: 5.652446907

TIME: 5.1344410029

TIME: 5.1342883117
FOREVER: child signaled: Interrupted system call

Run count: 3
