
TIME: 5.673456796

TIME: 5.1309172329

TIME: 5.1310795491
FOREVER: child signaled: Interrupted system call

Run count: 3
