
TIME: 5.1084555576

TIME: 5.1085163036

TIME: 5.1086436053
FOREVER: child signaled: Interrupted system call

Run count: 3
