
TIME: 5.173259407

TIME: 5.229672974

TIME: 6.361160499
FOREVER: child signaled: Interrupted system call

Run count: 3
