TIME: 5.064112832
TIME: 5.037358189
TIME: 5.048464098
FOREVER: child signaled: Interrupted system call

Run count: 3
