TIME: 5.064115382
TIME: 5.036210134
TIME: 5.049590581
FOREVER: child signaled: Interrupted system call

Run count: 3
