
TIME: 6.1082652138

TIME: 6.1049825798

TIME: 6.1060578132
FOREVER: child signaled: Interrupted system call

Run count: 3
