
TIME: 5.679731293

TIME: 5.1318164547

TIME: 5.1318792480
FOREVER: child signaled: Interrupted system call

Run count: 3
