
TIME: 5.1085224382

TIME: 5.1086715242

TIME: 5.1088189069
FOREVER: child signaled: Interrupted system call

Run count: 3
