
TIME: 5.384091343

TIME: 5.334671865

TIME: 5.186932623

TIME: 5.1850967963
FOREVER: child signaled: Interrupted system call

Run count: 4
