
TIME: 5.359679244

TIME: 5.1676850216

TIME: 5.330968986
FOREVER: child signaled: Interrupted system call

Run count: 3
