
TIME: 5.1118609028

TIME: 5.880732226

TIME: 5.1119684016
FOREVER: child signaled: Interrupted system call

Run count: 3
