TIME: 5.275923495
TIME: 5.1659764299
TIME: 5.435029143
FOREVER: child signaled: Interrupted system call

Run count: 3
