TIME: 5.476984184
TIME: 5.1273012586
TIME: 5.1167509134
FOREVER: child signaled: Interrupted system call

Run count: 3
