
TIME: 4.1460067843

TIME: 4.1449621229

TIME: 4.575232225

TIME: 4.1426278537
FOREVER: child signaled: Interrupted system call

Run count: 4
