
TIME: 4.231912061

TIME: 4.031709967

TIME: 4.031331519

TIME: 4.034792976
FOREVER: child signaled: Interrupted system call

Run count: 4
