
TIME: 5.1116398517

TIME: 5.882200183

TIME: 5.1118323629
FOREVER: child signaled: Interrupted system call

Run count: 3
