TIME: 5.1083580058
TIME: 5.915101640
TIME: 5.1086091629
FOREVER: child signaled: Interrupted system call

Run count: 3
