TIME: 4.1275490360
TIME: 4.1266340006
TIME: 4.1258836956
TIME: 4.742528820
FOREVER: child signaled: Interrupted system call

Run count: 4
