TIME: 4.1255442587
TIME: 4.1249076521
TIME: 4.1245462880
TIME: 4.768543120
FOREVER: child signaled: Interrupted system call

Run count: 4
