
TIME: 4.1382677080

TIME: 4.1105813036

TIME: 4.1077782255

TIME: 4.902161371
FOREVER: child signaled: Interrupted system call

Run count: 4
