
TIME: 5.1114789356

TIME: 5.1079938204

TIME: 5.916221833
FOREVER: child signaled: Interrupted system call

Run count: 3
