TIME: 5.677552595
TIME: 5.1306807812
TIME: 5.1312862247
FOREVER: child signaled: Interrupted system call

Run count: 3
