TIME: 5.643405443
TIME: 5.1350849723
TIME: 5.1343404329
FOREVER: child signaled: Interrupted system call

Run count: 3
