TIME: 4.1396459207
TIME: 4.1259975320
TIME: 4.616497338
TIME: 4.1354717086
FOREVER: child signaled: Interrupted system call

Run count: 4
