TIME: 4.1397627924
TIME: 4.1237171472
TIME: 4.636530149
TIME: 4.1342604846
FOREVER: child signaled: Interrupted system call

Run count: 4
