
TIME: 4.1398130124

TIME: 4.1257716804

TIME: 4.615312759

TIME: 4.1352476893
FOREVER: child signaled: Interrupted system call

Run count: 4
