
TIME: 4.1214066183

TIME: 4.782839447

TIME: 4.1210216008

TIME: 4.1201383296
FOREVER: child signaled: Interrupted system call

Run count: 4
