
TIME: 4.1182049824

TIME: 4.804917353

TIME: 4.1166750285

TIME: 4.1178100129
FOREVER: child signaled: Interrupted system call

Run count: 4
