
TIME: 4.220099001

TIME: 4.016321969

TIME: 4.016491297

TIME: 4.014889877
FOREVER: child signaled: Interrupted system call

Run count: 4
