
TIME: 4.1277983369

TIME: 4.1263141146

TIME: 4.737103769

TIME: 4.1263612013
FOREVER: child signaled: Interrupted system call

Run count: 4
