TIME: 5.1092165075
TIME: 5.1088394109
TIME: 5.1087964836
FOREVER: child signaled: Interrupted system call

Run count: 3
