TIME: 5.1115359223
TIME: 5.1116725709
TIME: 5.1112990846
FOREVER: child signaled: Interrupted system call

Run count: 3
