
TIME: 6.090685254

TIME: 6.1880420578

TIME: 6.114815465
FOREVER: child signaled: Interrupted system call

Run count: 3
