TIME: 4.1014774840
TIME: 4.1004461430
TIME: 5.003965683
TIME: 5.004663842
FOREVER: child signaled: Interrupted system call

Run count: 4
