TIME: 5.017364481
TIME: 5.032453149
TIME: 5.013639199
FOREVER: child signaled: Interrupted system call

Run count: 3
