
TIME: 5.1348988987

TIME: 5.658862498

TIME: 5.1344269755
FOREVER: child signaled: Interrupted system call

Run count: 3
