TIME: 5.219853813
TIME: 5.1745606556
TIME: 5.212693567
TIME: 5.337274096
FOREVER: child signaled: Interrupted system call

Run count: 4
