TIME: 5.266773301
TIME: 5.1695798719
TIME: 5.443838103
TIME: 5.240958472
FOREVER: child signaled: Interrupted system call

Run count: 4
