TIME: 5.166097552
TIME: 5.1840285736
TIME: 5.224003668
TIME: 5.196950734
FOREVER: child signaled: Interrupted system call

Run count: 4
