
TIME: 5.1578500949

TIME: 5.413338636

TIME: 5.1350535001
FOREVER: child signaled: Interrupted system call

Run count: 3
