TIME: 5.1115796817
TIME: 5.1115611388
TIME: 5.1115646812
FOREVER: child signaled: Interrupted system call

Run count: 3
