
TIME: 4.1019072059

TIME: 5.1584752454

TIME: 5.433933344

TIME: 5.1568769597
FOREVER: child signaled: Interrupted system call

Run count: 4
