
TIME: 4.1191978646

TIME: 4.1017616714

TIME: 4.1172335603

TIME: 4.1154366718
FOREVER: child signaled: Interrupted system call

Run count: 4
