
TIME: 4.1174714721

TIME: 5.034287552

TIME: 4.1130365830

TIME: 4.1109362141
FOREVER: child signaled: Interrupted system call

Run count: 4
