
TIME: 5.1114163574

TIME: 5.1115623460

TIME: 5.1113596007
FOREVER: child signaled: Interrupted system call

Run count: 3
