
TIME: 5.1118432290

TIME: 5.1118228340

TIME: 5.1117871935
FOREVER: child signaled: Interrupted system call

Run count: 3
