
TIME: 4.1233396314

TIME: 5.094212759

TIME: 5.072549675

TIME: 5.098512059
FOREVER: child signaled: Interrupted system call

Run count: 4
