
TIME: 4.1401443235

TIME: 4.1247003174

TIME: 4.610726771

TIME: 4.1362145318
FOREVER: child signaled: Interrupted system call

Run count: 4
