TIME: 4.1407571357
TIME: 4.1223902136
TIME: 4.633212448
TIME: 4.1341686984
FOREVER: child signaled: Interrupted system call

Run count: 4
