
TIME: 4.239584617

TIME: 4.028371894

TIME: 4.031774523

TIME: 4.026316898
FOREVER: child signaled: Interrupted system call

Run count: 4
