
TIME: 4.810166028

TIME: 4.1043133194

TIME: 4.1191896657

TIME: 4.1126156720
FOREVER: child signaled: Interrupted system call

Run count: 4
