
TIME: 4.802851907

TIME: 4.1045660446

TIME: 4.1197223360

TIME: 4.1125430817
FOREVER: child signaled: Interrupted system call

Run count: 4
