
TIME: 4.822737495

TIME: 5.007699845

TIME: 4.1141674250

TIME: 4.1119262051
FOREVER: child signaled: Interrupted system call

Run count: 4
