TIME: 4.592074097
TIME: 4.1261500883
TIME: 4.626627100
TIME: 4.1355600635
FOREVER: child signaled: Interrupted system call

Run count: 4
