TIME: 4.759689725
TIME: 5.074577528
TIME: 5.067427473
TIME: 5.1898706073
FOREVER: child signaled: Interrupted system call

Run count: 4
