TIME: 4.595295569
TIME: 4.1245489593
TIME: 4.1355120547
TIME: 4.655580682
FOREVER: child signaled: Interrupted system call

Run count: 4
