
TIME: 4.593800100

TIME: 4.1265560458

TIME: 4.618778505

TIME: 4.1357005695
FOREVER: child signaled: Interrupted system call

Run count: 4
