
TIME: 5.166497802

TIME: 5.155207514

TIME: 5.155555908

TIME: 5.154143068
FOREVER: child signaled: Interrupted system call

Run count: 4
