
TIME: 5.039966949

TIME: 5.1963714428

TIME: 5.041627175
FOREVER: child signaled: Interrupted system call

Run count: 3
