
TIME: 4.1018299412

TIME: 4.1011749988

TIME: 4.1009328046

TIME: 4.1005383192
FOREVER: child signaled: Interrupted system call

Run count: 4
