TIME: 5.641521396
TIME: 5.1343066135
TIME: 5.1344514980
FOREVER: child signaled: Interrupted system call

Run count: 3
