
TIME: 5.652368349

TIME: 5.1343071125

TIME: 5.1344518981
FOREVER: child signaled: Interrupted system call

Run count: 3
