TIME: 5.060406542
TIME: 5.040609534
TIME: 5.050929665
FOREVER: child signaled: Interrupted system call

Run count: 3
