TIME: 5.058899851
TIME: 5.040610854
TIME: 5.050931395
FOREVER: child signaled: Interrupted system call

Run count: 3
