TIME: 4.1462323568
TIME: 4.546639607
TIME: 4.1431645963
TIME: 4.584194330
FOREVER: child signaled: Interrupted system call

Run count: 4
