TIME: 4.1402458847
TIME: 4.595919651
TIME: 4.1390147327
TIME: 4.621562323
FOREVER: child signaled: Interrupted system call

Run count: 4
