
TIME: 5.039415354

TIME: 5.038258789

TIME: 5.052454788
FOREVER: child signaled: Interrupted system call

Run count: 3
