
TIME: 5.130486924

TIME: 5.181818803

TIME: 5.180202122

TIME: 5.1789370648
FOREVER: child signaled: Interrupted system call

Run count: 4
