TIME: 5.1118081105
TIME: 5.1118134630
TIME: 5.1117689966
FOREVER: child signaled: Interrupted system call

Run count: 3
