TIME: 5.1116664874
TIME: 5.1117016648
TIME: 5.1117220570
FOREVER: child signaled: Interrupted system call

Run count: 3
