
TIME: 5.1115825930

TIME: 5.1116554563

TIME: 5.1116673124
FOREVER: child signaled: Interrupted system call

Run count: 3
