time
5.98
