
TIME: 5.1306325764

TIME: 5.742704375

TIME: 5.1318132603
FOREVER: child signaled: Interrupted system call

Run count: 3
