
TIME: 5.073419822

TIME: 5.037231596

TIME: 5.039561339
FOREVER: child signaled: Interrupted system call

Run count: 3
