TIME: 4.1232759611
TIME: 5.073150715
TIME: 5.142368111
TIME: 5.125353371
FOREVER: child signaled: Interrupted system call

Run count: 4
