TIME: 4.1009486322
TIME: 5.175211673
TIME: 5.090156194
TIME: 5.1842406827
FOREVER: child signaled: Interrupted system call

Run count: 4
