TIME: 5.181559827
TIME: 5.1541129755
TIME: 5.447837242
TIME: 5.1488638130
FOREVER: child signaled: Interrupted system call

Run count: 4
