TIME: 4.1011178381
TIME: 5.147320666
TIME: 5.063364958
TIME: 5.1861342110
FOREVER: child signaled: Interrupted system call

Run count: 4
