TIME: 5.169792711
TIME: 5.158784542
TIME: 5.173442946
FOREVER: child signaled: Interrupted system call

Run count: 3
