TIME: 5.200233803
TIME: 5.157246048
TIME: 5.145201284
FOREVER: child signaled: Interrupted system call

Run count: 3
