TIME: 5.195845405
TIME: 5.191312391
TIME: 5.200752394
FOREVER: child signaled: Interrupted system call

Run count: 3
