TIME: 5.1646293612
TIME: 5.353406807
TIME: 5.342202778
FOREVER: child signaled: Interrupted system call

Run count: 3
