TIME: 5.058953906
TIME: 5.113504017
TIME: 5.1773609104
TIME: 5.134952450
FOREVER: child signaled: Interrupted system call

Run count: 4
