
TIME: 4.1082025430

TIME: 4.1096221198

TIME: 4.1016904143

TIME: 4.1097528519
FOREVER: child signaled: Interrupted system call

Run count: 4
