TIME: 4.1050334474
TIME: 4.1080776075
TIME: 5.050365218
TIME: 4.1012002953
FOREVER: child signaled: Interrupted system call

Run count: 4
