TIME: 4.1069070336
TIME: 4.1077811769
TIME: 4.1014079271
TIME: 4.1033341535
FOREVER: child signaled: Interrupted system call

Run count: 4
