
TIME: 5.003071713

TIME: 5.1683020622

TIME: 5.367727989

TIME: 5.344990417
FOREVER: child signaled: Interrupted system call

Run count: 4
