
TIME: 5.1116118159

TIME: 5.1117271834

TIME: 5.882890512
FOREVER: child signaled: Interrupted system call

Run count: 3
