TIME: 5.1087236123
TIME: 5.1089430622
TIME: 5.1089057635
FOREVER: child signaled: Interrupted system call

Run count: 3
