
TIME: 5.1117807238

TIME: 5.1118220099

TIME: 5.882402344
FOREVER: child signaled: Interrupted system call

Run count: 3
