
TIME: 4.765107756

TIME: 4.1252016035

TIME: 4.1247640668

TIME: 4.1242340628
FOREVER: child signaled: Interrupted system call

Run count: 4
