TIME: 5.1674927684
TIME: 5.439548114
TIME: 5.1110652733
FOREVER: child signaled: Interrupted system call

Run count: 3
