
TIME: 4.847456344

TIME: 4.1196896977

TIME: 4.1177541383

TIME: 4.1198576575
FOREVER: child signaled: Interrupted system call

Run count: 4
