
TIME: 4.1336888575

TIME: 4.1113280023

TIME: 4.1088238090

TIME: 4.1066922190
FOREVER: child signaled: Interrupted system call

Run count: 4
