
TIME: 4.1499191211

TIME: 4.644957381

TIME: 4.1413129403

TIME: 4.606103389
FOREVER: child signaled: Interrupted system call

Run count: 4
