
TIME: 5.642133716

TIME: 5.1345853303

TIME: 5.1346367195
FOREVER: child signaled: Interrupted system call

Run count: 3
