TIME: 4.1223328628
TIME: 5.095575025
TIME: 5.155148008
TIME: 5.139151820
FOREVER: child signaled: Interrupted system call

Run count: 4
