TIME: 4.1226045680
TIME: 4.786913645
TIME: 4.1213576944
TIME: 4.1215265033
FOREVER: child signaled: Interrupted system call

Run count: 4
