
TIME: 4.1188200519

TIME: 4.830956865

TIME: 4.1184671136

TIME: 4.1192813039
FOREVER: child signaled: Interrupted system call

Run count: 4
