
TIME: 4.1227465732

TIME: 4.778172781

TIME: 4.1214999086

TIME: 4.1212229490
FOREVER: child signaled: Interrupted system call

Run count: 4
