
TIME: 4.1009982652

TIME: 4.1062296359

TIME: 4.1059454894

TIME: 4.1035087810
FOREVER: child signaled: Interrupted system call

Run count: 4
