
TIME: 5.314568847

TIME: 5.096917760

TIME: 5.149208225

TIME: 5.1817055404
FOREVER: child signaled: Interrupted system call

Run count: 4
