TIME: 4.1022937436
TIME: 4.1009751088
TIME: 4.1002831117
TIME: 4.1004068850
FOREVER: child signaled: Interrupted system call

Run count: 4
