TIME: 4.1011406933
TIME: 4.1003502644
TIME: 4.1003327347
TIME: 4.1003742878
FOREVER: child signaled: Interrupted system call

Run count: 4
