
TIME: 4.1402285200

TIME: 4.1250129906

TIME: 4.614988616

TIME: 4.1359148079
FOREVER: child signaled: Interrupted system call

Run count: 4
