
TIME: 5.201364116

TIME: 4.1040634474

TIME: 5.008524988

TIME: 5.212345703
FOREVER: child signaled: Interrupted system call

Run count: 4
