
TIME: 4.1000390373

TIME: 5.021405985

TIME: 5.003669573

TIME: 4.1006827826
FOREVER: child signaled: Interrupted system call

Run count: 4
