
TIME: 5.1719700057

TIME: 5.485276143

TIME: 5.385728927

TIME: 5.1545980490
FOREVER: child signaled: Interrupted system call

Run count: 4
