
TIME: 4.1019251167

TIME: 4.1004310975

TIME: 4.1005218576

TIME: 4.1004777351
FOREVER: child signaled: Interrupted system call

Run count: 4
