TIME: 4.831909041
TIME: 4.1205314768
TIME: 4.1206796676
TIME: 4.1206372044
FOREVER: child signaled: Interrupted system call

Run count: 4
