TIME: 4.806600483
TIME: 4.1212710878
TIME: 4.1207751032
TIME: 4.1218891885
FOREVER: child signaled: Interrupted system call

Run count: 4
