
TIME: 4.1386151717

TIME: 4.1385564738

TIME: 4.620337051

TIME: 4.1380594942
FOREVER: child signaled: Interrupted system call

Run count: 4
