TIME: 4.1019704253
TIME: 5.001866703
TIME: 5.005472383
TIME: 4.1000441168
FOREVER: child signaled: Interrupted system call

Run count: 4
