TIME: 5.019155420
TIME: 5.019421066
TIME: 5.057425304
FOREVER: child signaled: Interrupted system call

Run count: 3
