TIME: 4.820783760
TIME: 4.1025369909
TIME: 4.1200906358
TIME: 4.1160314632
FOREVER: child signaled: Interrupted system call

Run count: 4
