TIME: 4.1018324115
TIME: 5.402503843
TIME: 5.422754376
TIME: 5.1564331623
FOREVER: child signaled: Interrupted system call

Run count: 4
