TIME: 4.1453241990
TIME: 4.540257590
TIME: 4.1425057725
TIME: 4.573719073
FOREVER: child signaled: Interrupted system call

Run count: 4
