TIME: 4.1260071370
TIME: 4.1243848679
TIME: 4.1235316246
TIME: 4.766593155
FOREVER: child signaled: Interrupted system call

Run count: 4
