TIME: 4.1262239186
TIME: 4.1246821646
TIME: 4.1238022826
TIME: 4.764055622
FOREVER: child signaled: Interrupted system call

Run count: 4
