TIME: 5.160518615
TIME: 5.145088953
TIME: 5.176173529
TIME: 5.140415016
FOREVER: child signaled: Interrupted system call

Run count: 4
