TIME: 5.334590817
TIME: 5.319133763
TIME: 5.1529668810
FOREVER: child signaled: Interrupted system call

Run count: 3
