
TIME: 5.190177968

TIME: 5.164324845

TIME: 5.294795391

TIME: 5.1794406311
FOREVER: child signaled: Interrupted system call

Run count: 4
