
TIME: 4.1102523157

TIME: 4.1066986197

TIME: 5.097847083

TIME: 4.1062543543
FOREVER: child signaled: Interrupted system call

Run count: 4
