
TIME: 4.1285215212

TIME: 4.1288865347

TIME: 4.711638514

TIME: 4.1286924743
FOREVER: child signaled: Interrupted system call

Run count: 4
