
TIME: 4.1313842802

TIME: 4.680990652

TIME: 4.1318909809

TIME: 4.1314556463
FOREVER: child signaled: Interrupted system call

Run count: 4
