
TIME: 5.090033842

TIME: 5.058273449

TIME: 5.065328794
FOREVER: child signaled: Interrupted system call

Run count: 3
