TIME: 5.018873811
TIME: 5.010670483
TIME: 5.007724158
FOREVER: child signaled: Interrupted system call

Run count: 3
