
TIME: 4.1008088432

TIME: 4.1004547628

TIME: 5.001228848

TIME: 4.1008082901
FOREVER: child signaled: Interrupted system call

Run count: 4
