
TIME: 5.008613266

TIME: 4.1048891159

TIME: 4.1014257829

TIME: 5.121346260
FOREVER: child signaled: Interrupted system call

Run count: 4
