TIME: 5.054956397
TIME: 4.1046178818
TIME: 4.1013929766
TIME: 5.057938735
FOREVER: child signaled: Interrupted system call

Run count: 4
