TIME: 5.144040368
TIME: 5.178404591
TIME: 5.286744857
TIME: 5.218743662
FOREVER: child signaled: Interrupted system call

Run count: 4
