TIME: 5.145239678
TIME: 5.178372178
TIME: 5.291896691
TIME: 5.201493719
FOREVER: child signaled: Interrupted system call

Run count: 4
