TIME: 5.306109972
TIME: 5.322525752
TIME: 5.1392963091
FOREVER: child signaled: Interrupted system call

Run count: 3
