TIME: 5.679623792
TIME: 5.1315528004
TIME: 5.1314603601
FOREVER: child signaled: Interrupted system call

Run count: 3
