
TIME: 4.1016436426

TIME: 4.1010777581

TIME: 5.001594805

TIME: 4.1003174771
FOREVER: child signaled: Interrupted system call

Run count: 4
