
TIME: 4.1018381111

TIME: 5.1611183915

TIME: 5.417124674

TIME: 5.1563086189
FOREVER: child signaled: Interrupted system call

Run count: 4
