TIME: 4.1010866320
TIME: 4.1009939858
TIME: 5.000444001
TIME: 5.006685014
FOREVER: child signaled: Interrupted system call

Run count: 4
