TIME: 5.032442997
TIME: 5.012384484
TIME: 5.025727406
FOREVER: child signaled: Interrupted system call

Run count: 3
