
TIME: 5.648273980

TIME: 5.1347250953

TIME: 5.1343399679
FOREVER: child signaled: Interrupted system call

Run count: 3
