
TIME: 4.1020709793

TIME: 5.000199056

TIME: 4.1000774342

TIME: 5.000530239
FOREVER: child signaled: Interrupted system call

Run count: 4
