TIME: 4.227004270
TIME: 4.014958254
TIME: 4.017523300
TIME: 4.020066954
FOREVER: child signaled: Interrupted system call

Run count: 4
