
TIME: 4.1213481445

TIME: 4.1218014568

TIME: 4.1207016349

TIME: 4.798327515
FOREVER: child signaled: Interrupted system call

Run count: 4
