
TIME: 5.1115757973

TIME: 5.1115927780

TIME: 5.1115579685
FOREVER: child signaled: Interrupted system call

Run count: 3
