
TIME: 4.820400031

TIME: 4.1028588921

TIME: 4.1204147592

TIME: 4.1167393010
FOREVER: child signaled: Interrupted system call

Run count: 4
