TIME: 5.043540487
TIME: 5.052116783
TIME: 5.046988691
FOREVER: child signaled: Interrupted system call

Run count: 3
