TIME: 5.033785372
TIME: 5.041441767
TIME: 5.037020745
FOREVER: child signaled: Interrupted system call

Run count: 3
