TIME: 5.064174058
TIME: 5.064657636
TIME: 5.072723462
FOREVER: child signaled: Interrupted system call

Run count: 3
