
TIME: 5.1087569067

TIME: 5.1086334433

TIME: 5.1087834853
FOREVER: child signaled: Interrupted system call

Run count: 3
