
TIME: 5.670612141

TIME: 5.1319307321

TIME: 5.1315061087
FOREVER: child signaled: Interrupted system call

Run count: 3
