
TIME: 6.1021663564

TIME: 7.018745044

TIME: 7.013819151
FOREVER: child signaled: Interrupted system call

Run count: 3
