TIME: 7.350540566
TIME: 7.1454880003
TIME: 7.551603345
FOREVER: child signaled: Interrupted system call

Run count: 3
