TIME: 6.1083206683
TIME: 6.1060518166
TIME: 6.1050574353
FOREVER: child signaled: Interrupted system call

Run count: 3
