TIME: 4.1763023943
TIME: 4.029891726
TIME: 4.028363533
TIME: 4.027154452
FOREVER: child signaled: Interrupted system call

Run count: 4
