
TIME: 5.1717857203

TIME: 5.327424472

TIME: 5.1581615610
FOREVER: child signaled: Interrupted system call

Run count: 3
