TIME: 5.1702542183
TIME: 5.383536488
TIME: 5.1541967619
FOREVER: child signaled: Interrupted system call

Run count: 3
