TIME: 5.1516351479
TIME: 5.1278689222
TIME: 5.800600190
FOREVER: child signaled: Interrupted system call

Run count: 3
