
TIME: 5.1115120949

TIME: 5.1115639321

TIME: 5.1115885406
FOREVER: child signaled: Interrupted system call

Run count: 3
