
TIME: 5.1838679575

TIME: 5.175636215

TIME: 5.442168806

TIME: 5.221339662
FOREVER: child signaled: Interrupted system call

Run count: 4
