
TIME: 5.1794405241

TIME: 5.262476231

TIME: 5.579744003
FOREVER: child signaled: Interrupted system call

Run count: 3
