
TIME: 5.1841922999

TIME: 5.177284070

TIME: 5.392464380

TIME: 5.190145185
FOREVER: child signaled: Interrupted system call

Run count: 4
