TIME: 4.1000524556
TIME: 5.1830675265
TIME: 5.080794508
TIME: 5.116070793
FOREVER: child signaled: Interrupted system call

Run count: 4
