TIME: 5.000440040
TIME: 5.150029086
TIME: 5.060694740
TIME: 5.101141082
FOREVER: child signaled: Interrupted system call

Run count: 4
