TIME: 5.174137455
TIME: 5.443706160
TIME: 5.1580817100
TIME: 5.471249562
FOREVER: child signaled: Interrupted system call

Run count: 4
