
TIME: 5.1086351425

TIME: 5.1085000060

TIME: 5.1085957575
FOREVER: child signaled: Interrupted system call

Run count: 3
