TIME: 5.540450456
TIME: 5.1525739378
TIME: 5.373096665
FOREVER: child signaled: Interrupted system call

Run count: 3
