
TIME: 5.305188950

TIME: 5.176068628

TIME: 5.175740745

TIME: 5.149152339
FOREVER: child signaled: Interrupted system call

Run count: 4
