TIME: 5.673887749
TIME: 5.1304682469
TIME: 5.1313000911
FOREVER: child signaled: Interrupted system call

Run count: 3
