TIME: 5.1114228210
TIME: 5.927017951
TIME: 5.1076931713
FOREVER: child signaled: Interrupted system call

Run count: 3
