
TIME: 5.1118096717

TIME: 5.1118221729

TIME: 5.1118279515
FOREVER: child signaled: Interrupted system call

Run count: 3
