
TIME: 5.1088036874

TIME: 5.1087940194

TIME: 5.1087933393
FOREVER: child signaled: Interrupted system call

Run count: 3
