TIME: 5.1115388206
TIME: 5.1116444592
TIME: 5.1116619989
FOREVER: child signaled: Interrupted system call

Run count: 3
