
TIME: 5.1097344523

TIME: 5.1089384128

TIME: 5.1087285388
FOREVER: child signaled: Interrupted system call

Run count: 3
