TIME: 6.095607586
TIME: 6.116670061
TIME: 6.116447039
FOREVER: child signaled: Interrupted system call

Run count: 3
