TIME: 7.1666075015
TIME: 7.529058173
TIME: 7.1474997742
FOREVER: child signaled: Interrupted system call

Run count: 3
