TIME: 6.1079865339
TIME: 6.1049154921
TIME: 6.1057295884
FOREVER: child signaled: Interrupted system call

Run count: 3
