TIME: 7.002032683
TIME: 7.034678725
TIME: 7.028690307
FOREVER: child signaled: Interrupted system call

Run count: 3
