TIME: 4.483419241
TIME: 4.1382168179
TIME: 4.548957299
TIME: 4.1425639973
FOREVER: child signaled: Interrupted system call

Run count: 4
