
TIME: 4.484452534

TIME: 4.1365193993

TIME: 4.567756918

TIME: 4.1409377528
FOREVER: child signaled: Interrupted system call

Run count: 4
