TIME: 4.1330098037
TIME: 4.1327842501
TIME: 4.674916805
TIME: 4.1320845962
FOREVER: child signaled: Interrupted system call

Run count: 4
