TIME: 5.1340593288
TIME: 5.1350099718
TIME: 5.649129975
FOREVER: child signaled: Interrupted system call

Run count: 3
