TIME: 4.1009446187
TIME: 5.197454875
TIME: 5.140547379
TIME: 5.189599080
FOREVER: child signaled: Interrupted system call

Run count: 4
