
TIME: 4.1011784572

TIME: 5.185092420

TIME: 5.123423459

TIME: 5.179529244
FOREVER: child signaled: Interrupted system call

Run count: 4
