
TIME: 5.180206581

TIME: 5.492710427

TIME: 5.1502540089

TIME: 5.1446813751
FOREVER: child signaled: Interrupted system call

Run count: 4
