TIME: 4.1020203543
TIME: 5.175437886
TIME: 5.113474114
TIME: 5.173491881
FOREVER: child signaled: Interrupted system call

Run count: 4
