
TIME: 5.073789729

TIME: 5.069067847

TIME: 5.066117112
FOREVER: child signaled: Interrupted system call

Run count: 3
