
TIME: 4.1007125616

TIME: 5.146654599

TIME: 5.054046756

TIME: 5.095122491
FOREVER: child signaled: Interrupted system call

Run count: 4
