
TIME: 4.976993508

TIME: 4.1012503393

TIME: 4.1004404284

TIME: 4.1002465591
FOREVER: child signaled: Interrupted system call

Run count: 4
