
TIME: 5.1117960613

TIME: 5.1117994046

TIME: 5.1117448212
FOREVER: child signaled: Interrupted system call

Run count: 3
