time
15.198264218
