TIME: 5.190843004
TIME: 5.122326798
TIME: 5.1740896055
TIME: 5.169635756
FOREVER: child signaled: Interrupted system call

Run count: 4
