TIME: 5.097362204
TIME: 4.1079290587
TIME: 4.1029633975
TIME: 5.113387235
FOREVER: child signaled: Interrupted system call

Run count: 4
