
TIME: 5.031494863

TIME: 4.1079001448

TIME: 4.1029571029

TIME: 5.002018847
FOREVER: child signaled: Interrupted system call

Run count: 4
