
TIME: 4.1259772359

TIME: 4.745618549

TIME: 4.1237966811

TIME: 4.1229058011
FOREVER: child signaled: Interrupted system call

Run count: 4
