
TIME: 4.1253727016

TIME: 4.748979495

TIME: 4.1237555450

TIME: 4.1229041739
FOREVER: child signaled: Interrupted system call

Run count: 4
