
TIME: 4.1232738479

TIME: 4.1268834575

TIME: 4.737274355

TIME: 4.1259062219
FOREVER: child signaled: Interrupted system call

Run count: 4
