TIME: 4.1214825778
TIME: 4.1254585461
TIME: 4.754573064
TIME: 4.1225906656
FOREVER: child signaled: Interrupted system call

Run count: 4
