
TIME: 5.1825061635

TIME: 5.438902890

TIME: 5.435128843

TIME: 5.1532463659
FOREVER: child signaled: Interrupted system call

Run count: 4
