
TIME: 5.032448519

TIME: 5.024432108

TIME: 5.087599298
FOREVER: child signaled: Interrupted system call

Run count: 3
