
TIME: 4.489442092

TIME: 4.1375805083

TIME: 4.555289442

TIME: 4.1419377527
FOREVER: child signaled: Interrupted system call

Run count: 4
