
TIME: 4.644457661

TIME: 4.1111050180

TIME: 4.1115866851

TIME: 4.1072144633
FOREVER: child signaled: Interrupted system call

Run count: 4
