
TIME: 5.1115748982

TIME: 5.1114944752

TIME: 5.1115549582
FOREVER: child signaled: Interrupted system call

Run count: 3
