TIME: 5.1319864817
TIME: 5.1318807481
TIME: 5.678075997
FOREVER: child signaled: Interrupted system call

Run count: 3
