TIME: 4.368652924
TIME: 4.1625342246
TIME: 4.378919089
TIME: 4.383314558
FOREVER: child signaled: Interrupted system call

Run count: 4
