TIME: 4.419605235
TIME: 4.1572893116
TIME: 4.426607034
TIME: 4.1573856963
FOREVER: child signaled: Interrupted system call

Run count: 4
