TIME: 4.1210054472
TIME: 4.782838138
TIME: 4.1210216288
TIME: 4.1201458753
FOREVER: child signaled: Interrupted system call

Run count: 4
