
TIME: 4.1256001583

TIME: 4.1265158128

TIME: 4.728852204

TIME: 4.1265212654
FOREVER: child signaled: Interrupted system call

Run count: 4
