TIME: 5.1957229551
TIME: 4.929005493
TIME: 5.1824362775
TIME: 4.1059381047
FOREVER: child signaled: Interrupted system call

Run count: 4
