TIME: 5.1918777749
TIME: 4.905515275
TIME: 5.1471884666
TIME: 4.1018444756
FOREVER: child signaled: Interrupted system call

Run count: 4
