TIME: 5.158759089
TIME: 5.097700928
TIME: 5.423670428
TIME: 5.147402234
FOREVER: child signaled: Interrupted system call

Run count: 4
