TIME: 5.697351033
TIME: 5.1318205672
TIME: 5.694926821
FOREVER: child signaled: Interrupted system call

Run count: 3
