TIME: 5.660562157
TIME: 5.1346800958
TIME: 5.651077050
FOREVER: child signaled: Interrupted system call

Run count: 3
