TIME: 5.690510260
TIME: 5.1350733371
TIME: 5.651071679
FOREVER: child signaled: Interrupted system call

Run count: 3
