TIME: 5.1122217779
TIME: 5.851167212
TIME: 5.1012917398
FOREVER: child signaled: Interrupted system call

Run count: 3
