
TIME: 4.1187071746

TIME: 4.1041022263

TIME: 4.1204950802

TIME: 4.1139915984
FOREVER: child signaled: Interrupted system call

Run count: 4
