
TIME: 4.1192197448

TIME: 4.1043123173

TIME: 4.1206553042

TIME: 4.1143055318
FOREVER: child signaled: Interrupted system call

Run count: 4
