
TIME: 5.048855108

TIME: 4.1019561718

TIME: 4.1079004548

TIME: 4.1132407563
FOREVER: child signaled: Interrupted system call

Run count: 4
