
TIME: 5.012110996

TIME: 5.010376633

TIME: 4.1057493488

TIME: 4.1092435610
FOREVER: child signaled: Interrupted system call

Run count: 4
