
TIME: 5.649914003

TIME: 5.1341576206

TIME: 5.656609232
FOREVER: child signaled: Interrupted system call

Run count: 3
