TIME: 5.1318335754
TIME: 5.1314260346
TIME: 5.1310636474
FOREVER: child signaled: Interrupted system call

Run count: 3
