TIME: 5.639420305
TIME: 5.1341780677
TIME: 5.656613453
FOREVER: child signaled: Interrupted system call

Run count: 3
