
TIME: 5.1340481996

TIME: 5.1344757584

TIME: 5.654552597
FOREVER: child signaled: Interrupted system call

Run count: 3
