TIME: 4.1442763804
TIME: 4.1433509199
TIME: 4.592146254
TIME: 4.1410753275
FOREVER: child signaled: Interrupted system call

Run count: 4
