TIME: 5.227848242
TIME: 5.191472597
TIME: 5.211361335
TIME: 5.1809675377
FOREVER: child signaled: Interrupted system call

Run count: 4
