TIME: 5.345895497
TIME: 5.323028192
TIME: 5.1598542572
FOREVER: child signaled: Interrupted system call

Run count: 3
