
TIME: 4.815665578

TIME: 4.1192643592

TIME: 4.1182512061

TIME: 4.1173197640
FOREVER: child signaled: Interrupted system call

Run count: 4
