TIME: 4.791900183
TIME: 4.1208124419
TIME: 4.1206904677
TIME: 4.1212312028
FOREVER: child signaled: Interrupted system call

Run count: 4
