
TIME: 4.1213669253

TIME: 4.784641798

TIME: 4.1204797897

TIME: 4.1195883226
FOREVER: child signaled: Interrupted system call

Run count: 4
