
TIME: 4.1003397463

TIME: 5.157372320

TIME: 5.071672127

TIME: 5.1849482834
FOREVER: child signaled: Interrupted system call

Run count: 4
