
TIME: 4.721140503

TIME: 4.1279504771

TIME: 4.1275600611

TIME: 4.724723061
FOREVER: child signaled: Interrupted system call

Run count: 4
