TIME: 5.528964528
TIME: 5.1179635145
TIME: 5.1237781255
FOREVER: child signaled: Interrupted system call

Run count: 3
