TIME: 5.296206563
TIME: 5.1555737664
TIME: 5.359379154
TIME: 5.378308765
FOREVER: child signaled: Interrupted system call

Run count: 4
