TIME: 5.305472828
TIME: 5.1552679109
TIME: 5.359791936
TIME: 5.374827247
FOREVER: child signaled: Interrupted system call

Run count: 4
