
TIME: 5.313070327

TIME: 5.1519044968

TIME: 5.387555149

TIME: 5.409897402
FOREVER: child signaled: Interrupted system call

Run count: 4
