TIME: 5.158354569
TIME: 5.201803299
TIME: 5.1806674397
TIME: 5.537902391
FOREVER: child signaled: Interrupted system call

Run count: 4
