TIME: 5.174463768
TIME: 5.168940777
TIME: 5.136514857
TIME: 5.1730465613
FOREVER: child signaled: Interrupted system call

Run count: 4
